8.219722180601513051e-02 -5.376065246312778760e-23 -1.285545743158217604e-22 -6.312843195438148233e-23 7.043397598937704596e-06 8.219722180398544853e-02 -1.625926848247297069e-08 4.497603607485546606e-02 -1.126193653337265009e-04 5.108962426401030266e-01 5.378421155479737870e-01 5.036108207273035653e-01 3.787355314099010162e-01 3.786406414195859771e-01 5.031758876734558905e-01 5.374391328524857903e-01 5.117188187929045950e-01
4.364600590978114786e-02 7.122418624661242233e-22 -1.313769712955935599e-22 2.676307538028753474e-22 -1.136601053933055324e-05 4.364600590696692678e-02 -2.026380712282492906e-07 2.559918239226489922e-02 3.089386220185457495e-04 3.871846662109871273e-01 3.847397860686574966e-01 3.588533831777444005e-01 2.715470558303979542e-01 2.713281368635317436e-01 3.583470588309594640e-01 3.850824778998873654e-01 3.872945968317493826e-01
-9.207486387990649127e-03 4.272131147751709255e-20 -1.056733113492082151e-19 1.662401046665685845e-20 7.786517156093248314e-03 -9.207207280919357459e-03 -7.961800378767357536e-03 4.410650477803069319e-02 -1.147748862274906856e-01 3.594753736347226503e-01 3.316718793726020631e-01 3.209306906194395181e-01 2.124048993013407105e-01 2.105355221167136137e-01 3.166826132587219345e-01 4.056562073386225653e-01 4.165524358487723289e-01
-3.804839970504275692e-02 5.128227959100253885e-24 -8.220011015275102695e-23 -2.374156315275107882e-22 2.459246010999010745e-05 -3.804839969354843060e-02 -7.292400966780845643e-09 6.224590612056186273e-02 -3.220471291205768082e-04 4.013229660928870901e-01 3.815340249626760216e-01 3.548050419756291762e-01 2.451196397462138132e-01 2.450479077870336420e-01 3.547880087058183363e-01 3.815380325209418166e-01 4.013055425713904500e-01
-6.999092003137165341e-02 -2.608529964622204203e-22 -2.205527505914487757e-22 7.514625571100732129e-22 6.484880185277540809e-05 -6.999091988468342240e-02 4.795830378552881194e-08 8.704187113712685830e-02 -6.085673463118717198e-04 4.929368978546010416e-01 4.656877820341812635e-01 4.369369708556274379e-01 3.352823401910601797e-01 3.353430572676759924e-01 4.366584484705887670e-01 4.654810030903577811e-01 4.932008275392844032e-01
-9.060774828241793810e-02 -3.074065956789605482e-05 5.595919575621775160e-05 -6.887938692855404585e-05 4.888119158195935315e-02 -8.938259679505701494e-02 -3.062403829590633342e-02 1.085512943044978362e-01 -3.113851110607332440e-01 5.103088726634259498e-01 2.698357056535523602e-01 5.279913191122637128e-01 4.334149739913490951e-01 5.061908313647986990e-01 6.250280835545589664e-01 9.963780974929028478e-01 9.977356020902371503e-01
-5.663145731422724455e-02 -2.517583619413349058e-03 -4.607966265951873169e-03 2.721218469579875492e-03 2.006055478571505419e-03 6.123519603846917791e-02 4.214333906137166397e-04 3.680128247390655055e-02 -3.510288293873885159e-03 -7.641618388455875821e-02 -1.265654192912345766e-01 7.878721943628698432e-02 9.183335443099467643e-02 -1.228451624677535416e-02 -2.176977808155053373e-02 -2.585532360359643796e-03 2.158370605011413618e-02
-8.044250894042881406e-02 9.408858089050673931e-03 -9.886689233820042041e-03 2.102533767390989095e-04 -2.669712684178711707e-04 3.720849868326150250e-02 -1.119635213619781921e-03 5.214623445946990621e-02 -1.358903543157852093e-03 -6.631535883388926800e-02 -1.392753355005524885e-01 1.533462386754043949e-01 -4.574501151078039229e-02 9.945224115439408805e-03 3.679473240772412369e-03 -9.747905357226015980e-05 4.615922140017275285e-03
-6.702967830835873664e-02 -1.712275895396591155e-03 -3.302716623205006509e-03 -6.139407570006679543e-05 -1.470357316878941100e-03 -5.465957827123653877e-03 3.740411921461009835e-04 4.387402583124806743e-02 7.501037255689727533e-04 1.844274092208622873e-01 1.114922146135260000e-01 1.263577409874102608e-01 2.086785021863705736e-01 1.612871838980776684e-01 1.173287695540813080e-01 1.117236156979323353e-01 1.443004996469854362e-01
-7.178261037085836849e-02 5.841458226779966336e-05 -8.396499754793965153e-04 2.316746910912372177e-03 7.563207774638710558e-03 -2.026475264962110043e-02 -3.034789392311117596e-04 4.728242514052568429e-02 -9.529407719801716650e-03 1.404582154791135518e-01 2.426912991648611517e-01 2.527946946400403405e-01 1.798494915247908776e-01 2.494987077425780686e-01 1.724715308410717796e-01 1.419067508630817154e-01 1.925582121072950958e-01
-8.094859536348372742e-02 6.969568654530373247e-03 -2.296283719856356820e-02 7.524284909072136152e-04 2.169662447639392720e-03 -1.435368099685018113e-02 -5.913847333694965611e-04 5.493966443210034772e-02 -1.887941813321790310e-03 3.055427518995036951e-01 1.141109429466113795e-01 2.153048797436900030e-01 2.804478632942964400e-01 2.458146006562563490e-01 2.266680478656739606e-01 2.218491347416716997e-01 2.539550758880161352e-01
